image_width: 1360
image_height: 1024
width: 640
height: 480
x_offset: 300
y_offset: 300
camera_name: left
camera_matrix:
  rows: 3
  cols: 3
  data: [1049.940865, 0.000000, 417.088127, 0.000000, 1052.061382, 258.854253, 0.000000, 0.000000, 1.000000]
distortion_coefficients:
  rows: 1
  cols: 5
  data: [-0.171534, -0.395632, 0.002258, 0.002567, 1.140300]
rectification_matrix:
  rows: 3
  cols: 3
  data: [0.443198, -0.172849, 0.879602, 0.162301, 0.980490, 0.110897, -0.881609, 0.093611, 0.462605]
projection_matrix:
  rows: 3
  cols: 4
  data: [2213.586023, 0.000000, -2022.460999, 0.000000, 0.000000, 2213.586023, 31.000851, 0.000000, 0.000000, 0.000000, 1.000000, 0.000000]
auto_exposure:     True
exposure_auto_max: 50000
exposure_auto_target: 50
exposure:          0.05
auto_gain:         True
gain:              15
auto_whitebalance: True
frame_id: head_color_camera_l_link
stream_bytes_per_second: 44500000
auto_adjust_stream_bytes_per_second: False
trigger_mode: streaming
packet_size: 1500
