---
image_width: 640
image_height: 480
camera_name: camera
camera_matrix:
  rows: 3
  cols: 3
  data: [568.169, 0, 290.936, 0, 566.866, 236.435, 0, 0, 1]
distortion_model: plumb_bob
distortion_coefficients:
  rows: 1
  cols: 5
  data: [-0.00688859, -0.00754303, 0.00293718, -0.0175643, 0]
rectification_matrix:
  rows: 3
  cols: 3
  data: [1, 0, 0, 0, 1, 0, 0, 0, 1]
projection_matrix:
  rows: 3
  cols: 4
  data: [568.169, 0, 290.936, 0, 0, 566.866, 236.435, 0, 0, 0, 1, 0]